9
PP_003MAAS.2||2019          0.000000000 0.010182418 0.011485493 0.010672073 0.011617529 0.011284511 0.011349626 0.011881010 0.010876349 
PP_0049MEX.3|USA|2025-09-01 0.010182418 0.000000000 0.005323446 0.004598954 0.005404028 0.005072618 0.005138787 0.005203333 0.004826649 
PP_004FHLA.2|USA|2025-11-01 0.011485493 0.005323446 0.000000000 0.001550384 0.000645743 0.000322753 0.000387325 0.000559448 0.001551244 
PP_004J990.2|USA|2025-12-01 0.010672073 0.004598954 0.001550384 0.000000000 0.001685395 0.001347803 0.001415274 0.002031285 0.000269279 
PP_004H7JK.2|USA|2025-12-01 0.011617529 0.005404028 0.000645743 0.001685395 0.000000000 0.000317382 0.000380879 0.000979561 0.001531045 
PP_003WP55.3|USA|2025-08-01 0.011284511 0.005072618 0.000322753 0.001347803 0.000317382 0.000000000 0.000063211 0.000629468 0.001211639 
PP_004C6JX.1|USA|2025-10-06 0.011349626 0.005138787 0.000387325 0.001415274 0.000380879 0.000063211 0.000000000 0.000699451 0.001275479 
PP_004J9FN.2|USA|2026-01-01 0.011881010 0.005203333 0.000559448 0.002031285 0.000979561 0.000629468 0.000699451 0.000000000 0.001890954 
PP_004JCGH.2|USA|2025-12-01 0.010876349 0.004826649 0.001551244 0.000269279 0.001531045 0.001211639 0.001275479 0.001890954 0.000000000 
